[ 0.012, 69, 72, 57] 
[ 1.188, 72, 57, 0] 
[ 0.023, 72, 57, 74] 
[ 0.577, 57, 74, 0] 
[ 0.012, 74, 76, 57] 
[ 0.888, 76, 57, 0] 
[ 0.016, 76, 57, 77] 
[ 0.284, 57, 77, 0] 
[ 0.005, 57, 77, 76] 
[ 0.595, 57, 76, 0] 
[ 0.012, 76, 74, 55] 
[ 1.188, 74, 55, 0] 
[ 0.023, 74, 55, 71] 
[ 0.577, 55, 71, 0] 
[ 0.012, 71, 67, 55] 
[ 0.888, 67, 55, 0] 
[ 0.016, 67, 55, 69] 
[ 0.284, 55, 69, 0] 
[ 0.005, 55, 69, 71] 
[ 0.595, 55, 71, 0] 
[ 0.012, 71, 72, 53] 
[ 1.188, 72, 53, 0] 
[ 0.023, 72, 53, 69] 
[ 0.577, 53, 69, 0] 
[ 0.900, 69, 53, 0] 
[ 0.016, 69, 53, 68] 
[ 0.284, 53, 68, 0] 
[ 0.005, 53, 68, 69] 
[ 0.595, 53, 69, 0] 
[ 0.012, 69, 71, 52] 
[ 1.188, 71, 52, 0] 
[ 0.023, 71, 52, 68] 
[ 0.577, 52, 68, 0] 
[ 0.012, 68, 64, 52] 
[ 1.127, 64, 52, 0] 
[ 0.061, 52, 0, 0] 
[ 0.600, 52, 69, 0] 
[ 0.012, 69, 72, 57] 
[ 1.188, 72, 57, 0] 
[ 0.023, 72, 57, 74] 
[ 0.577, 57, 74, 0] 
[ 0.012, 74, 76, 57] 
[ 0.888, 76, 57, 0] 
[ 0.016, 76, 57, 77] 
[ 0.284, 57, 77, 0] 
[ 0.005, 57, 77, 76] 
[ 0.595, 57, 76, 0] 
[ 0.012, 76, 74, 55] 
[ 1.188, 74, 55, 0] 
[ 0.023, 74, 55, 71] 
[ 0.577, 55, 71, 0] 
[ 0.012, 71, 67, 55] 
[ 0.888, 67, 55, 0] 
[ 0.016, 67, 55, 69] 
[ 0.284, 55, 69, 0] 
[ 0.005, 55, 69, 71] 
[ 0.595, 55, 71, 0] 
[ 0.012, 71, 72, 53] 
[ 0.888, 72, 53, 0] 
[ 0.016, 72, 53, 71] 
[ 0.284, 53, 71, 0] 
[ 0.005, 53, 71, 69] 
[ 0.595, 53, 69, 0] 
[ 0.012, 69, 68, 52] 
[ 0.888, 68, 52, 0] 
[ 0.016, 68, 52, 66] 
[ 0.284, 52, 66, 0] 
[ 0.005, 52, 66, 68] 
[ 0.595, 52, 68, 0] 
[ 0.012, 68, 69, 57] 
[ 1.788, 69, 57, 0] 
[ 1.709, 69, 57, 0] 
[ 0.091, 57, 0, 0] 
[ 1.800, 79, 60, 0] 
[ 0.900, 79, 60, 0] 
[ 0.016, 79, 60, 77] 
[ 0.284, 60, 77, 0] 
[ 0.005, 60, 77, 76] 
[ 0.595, 60, 76, 0] 
[ 0.012, 76, 74, 55] 
[ 1.188, 74, 55, 0] 
[ 0.023, 74, 55, 71] 
[ 0.577, 55, 71, 0] 
[ 0.012, 71, 67, 55] 
[ 0.888, 67, 55, 0] 
[ 0.016, 67, 55, 69] 
[ 0.284, 55, 69, 0] 
[ 0.005, 55, 69, 71] 
[ 0.595, 55, 71, 0] 
[ 0.012, 71, 72, 57] 
[ 1.188, 72, 57, 0] 
[ 0.023, 72, 57, 69] 
[ 0.577, 57, 69, 0] 
[ 0.900, 69, 57, 0] 
[ 0.016, 69, 57, 68] 
[ 0.284, 57, 68, 0] 
[ 0.005, 57, 68, 69] 
[ 0.595, 57, 69, 0] 
[ 0.012, 69, 71, 52] 
[ 1.188, 71, 52, 0] 
[ 0.023, 71, 52, 68] 
[ 0.577, 52, 68, 0] 
[ 0.012, 68, 64, 52] 
[ 1.697, 64, 52, 0] 
[ 0.091, 52, 0, 0] 
[ 1.800, 79, 60, 0] 
[ 0.900, 79, 60, 0] 
[ 0.016, 79, 60, 77] 
[ 0.284, 60, 77, 0] 
[ 0.005, 60, 77, 76] 
[ 0.595, 60, 76, 0] 
[ 0.012, 76, 74, 55] 
[ 1.188, 74, 55, 0] 
[ 0.023, 74, 55, 71] 
[ 0.577, 55, 71, 0] 
[ 0.012, 71, 67, 55] 
[ 0.888, 67, 55, 0] 
[ 0.016, 67, 55, 69] 
[ 0.284, 55, 69, 0] 
[ 0.005, 55, 69, 71] 
[ 0.595, 55, 71, 0] 
[ 0.012, 71, 72, 53] 
[ 0.888, 72, 53, 0] 
[ 0.016, 72, 53, 71] 
[ 0.284, 53, 71, 0] 
[ 0.005, 53, 71, 69] 
[ 0.595, 53, 69, 0] 
[ 0.012, 69, 68, 52] 
[ 0.888, 68, 52, 0] 
[ 0.016, 68, 52, 66] 
[ 0.284, 52, 66, 0] 
[ 0.005, 52, 66, 68] 
[ 0.595, 52, 68, 0] 
[ 0.012, 68, 69, 57] 
[ 1.788, 69, 57, 0] 
[ 1.709, 69, 57, 0] 
[ 0.091, 57, 0, 0] 