[ 0.545, 60, 48, 0] 
[ 0.545, 60, 43, 0] 
[ 0.364, 60, 48, 0] 
[ 0.182, 48, 62, 0] 
[ 0.545, 64, 43, 0] 
[ 0.364, 64, 48, 0] 
[ 0.007, 64, 48, 62] 
[ 0.165, 48, 62, 0] 
[ 0.010, 48, 0, 0] 
[ 0.364, 64, 43, 0] 
[ 0.007, 64, 43, 65] 
[ 0.165, 43, 65, 0] 
[ 0.010, 43, 0, 0] 
[ 0.545, 67, 50, 0] 
[ 0.545, 67, 43, 0] 
[ 0.182, 72, 48, 0] 
[ 0.182, 48, 72, 0] 
[ 0.182, 48, 72, 0] 
[ 0.182, 67, 52, 0] 
[ 0.182, 52, 67, 0] 
[ 0.182, 52, 67, 0] 
[ 0.182, 64, 55, 0] 
[ 0.182, 55, 64, 0] 
[ 0.182, 55, 64, 0] 
[ 0.182, 60, 58, 0] 
[ 0.182, 58, 60, 0] 
[ 0.182, 58, 60, 0] 
[ 0.364, 67, 57, 0] 
[ 0.007, 67, 57, 65] 
[ 0.165, 57, 65, 0] 
[ 0.010, 57, 0, 0] 
[ 0.364, 64, 59, 0] 
[ 0.007, 64, 59, 62] 
[ 0.165, 59, 62, 0] 
[ 0.010, 59, 0, 0] 
[ 0.545, 60, 60, 0] 
[ 0.545, 60, 48, 0] 
[ 1.455, 0, 0, 0] 
[ 0.545, 60, 48, 0] 
[ 0.545, 60, 43, 0] 
[ 0.364, 60, 48, 0] 
[ 0.182, 48, 62, 0] 
[ 0.545, 64, 43, 0] 
[ 0.364, 64, 48, 0] 
[ 0.007, 64, 48, 62] 
[ 0.165, 48, 62, 0] 
[ 0.010, 48, 0, 0] 
[ 0.364, 64, 43, 0] 
[ 0.007, 64, 43, 65] 
[ 0.165, 43, 65, 0] 
[ 0.010, 43, 0, 0] 
[ 0.545, 67, 48, 0] 
[ 0.545, 67, 43, 0] 
[ 0.182, 72, 48, 0] 
[ 0.182, 48, 72, 0] 
[ 0.182, 48, 72, 0] 
[ 0.182, 67, 52, 0] 
[ 0.182, 52, 67, 0] 
[ 0.182, 52, 67, 0] 
[ 0.182, 64, 55, 0] 
[ 0.182, 55, 64, 0] 
[ 0.182, 55, 64, 0] 
[ 0.182, 60, 52, 0] 
[ 0.182, 52, 60, 0] 
[ 0.182, 52, 60, 0] 
[ 0.364, 67, 48, 0] 
[ 0.007, 67, 48, 65] 
[ 0.165, 48, 65, 0] 
[ 0.010, 48, 0, 0] 
[ 0.364, 64, 43, 0] 
[ 0.007, 64, 43, 62] 
[ 0.165, 43, 62, 0] 
[ 0.010, 43, 0, 0] 
[ 0.545, 60, 48, 0] 
[ 0.545, 60, 43, 0] 