[ 0.600 67] 
[ 0.600 67] 
[ 0.600 62] 
[ 0.600 64] 
[ 0.600 64] 
[ 1.200 62] 
[ 0.600 71] 
[ 0.600 71] 
[ 0.600 69] 
[ 0.600 69] 
[ 1.200 67] 
[ 0.600 0] 
[ 0.600 62] 
[ 0.600 67] 
[ 0.600 67] 
[ 0.600 67] 
[ 0.600 62] 
[ 0.600 64] 
[ 0.600 64] 
[ 1.200 62] 
[ 0.600 71] 
[ 0.600 71] 
[ 0.600 69] 
[ 0.600 69] 
[ 1.200 67] 
[ 0.600 0] 
[ 0.300 62] 
[ 0.300 62] 
[ 0.600 67] 
[ 0.600 67] 
[ 0.600 67] 
[ 0.300 62] 
[ 0.300 62] 
[ 0.600 67] 
[ 0.600 67] 
[ 1.200 67] 
[ 0.300 67] 
[ 0.300 67] 
[ 0.600 67] 
[ 0.300 67] 
[ 0.300 67] 
[ 0.600 67] 
[ 0.300 67] 
[ 0.300 67] 
[ 0.300 67] 
[ 0.300 67] 
[ 0.600 67] 
[ 0.600 67] 
[ 0.600 67] 
[ 0.600 67] 
[ 0.600 67] 
[ 0.600 62] 
[ 0.600 64] 
[ 0.600 64] 
[ 1.200 62] 
[ 0.600 71] 
[ 0.600 71] 
[ 0.600 69] 
[ 0.600 69] 
[ 1.200 67] 