[ 0.5455 , 60 , 48 , 0] 
[ 0.5455 , 60 , 43 , 0] 
[ 0.3636 , 60 , 48 , 0] 
[ 0.1818 , 48 , 62 , 0] 
[ 0.5455 , 64 , 43 , 0] 
[ 0.3636 , 64 , 48 , 0] 
[ 0.0072 , 64 , 48 , 62] 
[ 0.1648 , 48 , 62 , 0] 
[ 0.0098 , 48 , 0 , 0] 
[ 0.3636 , 64 , 43 , 0] 
[ 0.0072 , 64 , 43 , 65] 
[ 0.1648 , 43 , 65 , 0] 
[ 0.0098 , 43 , 0 , 0] 
[ 0.5455 , 67 , 50 , 0] 
[ 0.5455 , 67 , 43 , 0] 
[ 0.1818 , 72 , 48 , 0] 
[ 0.1818 , 48 , 72 , 0] 
[ 0.1818 , 48 , 72 , 0] 
[ 0.1818 , 67 , 52 , 0] 
[ 0.1818 , 52 , 67 , 0] 
[ 0.1818 , 52 , 67 , 0] 
[ 0.1818 , 64 , 55 , 0] 
[ 0.1818 , 55 , 64 , 0] 
[ 0.1818 , 55 , 64 , 0] 
[ 0.1818 , 60 , 58 , 0] 
[ 0.1818 , 58 , 60 , 0] 
[ 0.1818 , 58 , 60 , 0] 
[ 0.3636 , 67 , 57 , 0] 
[ 0.0072 , 67 , 57 , 65] 
[ 0.1648 , 57 , 65 , 0] 
[ 0.0098 , 57 , 0 , 0] 
[ 0.3636 , 64 , 59 , 0] 
[ 0.0072 , 64 , 59 , 62] 
[ 0.1648 , 59 , 62 , 0] 
[ 0.0098 , 59 , 0 , 0] 
[ 0.5455 , 60 , 60 , 0] 
[ 0.5455 , 60 , 48 , 0] 
[ 1.4545 , 0 , 0 , 0] 
[ 0.5455 , 60 , 48 , 0] 
[ 0.5455 , 60 , 43 , 0] 
[ 0.3636 , 60 , 48 , 0] 
[ 0.1818 , 48 , 62 , 0] 
[ 0.5455 , 64 , 43 , 0] 
[ 0.3636 , 64 , 48 , 0] 
[ 0.0072 , 64 , 48 , 62] 
[ 0.1648 , 48 , 62 , 0] 
[ 0.0098 , 48 , 0 , 0] 
[ 0.3636 , 64 , 43 , 0] 
[ 0.0072 , 64 , 43 , 65] 
[ 0.1648 , 43 , 65 , 0] 
[ 0.0098 , 43 , 0 , 0] 
[ 0.5455 , 67 , 48 , 0] 
[ 0.5455 , 67 , 43 , 0] 
[ 0.1818 , 72 , 48 , 0] 
[ 0.1818 , 48 , 72 , 0] 
[ 0.1818 , 48 , 72 , 0] 
[ 0.1818 , 67 , 52 , 0] 
[ 0.1818 , 52 , 67 , 0] 
[ 0.1818 , 52 , 67 , 0] 
[ 0.1818 , 64 , 55 , 0] 
[ 0.1818 , 55 , 64 , 0] 
[ 0.1818 , 55 , 64 , 0] 
[ 0.1818 , 60 , 52 , 0] 
[ 0.1818 , 52 , 60 , 0] 
[ 0.1818 , 52 , 60 , 0] 
[ 0.3636 , 67 , 48 , 0] 
[ 0.0072 , 67 , 48 , 65] 
[ 0.1648 , 48 , 65 , 0] 
[ 0.0098 , 48 , 0 , 0] 
[ 0.3636 , 64 , 43 , 0] 
[ 0.0072 , 64 , 43 , 62] 
[ 0.1648 , 43 , 62 , 0] 
[ 0.0098 , 43 , 0 , 0] 
[ 0.5455 , 60 , 48 , 0] 
[ 0.5455 , 60 , 43 , 0] 
[ 1.4545 , 0 , 0 ] 
[ 0.5455 , 60 , 48 ] 
[ 0.5455 , 60 , 43 ] 
[ 0.3636 , 60 , 48 ] 
[ 0.1818 , 48 , 62 ] 
[ 0.5455 , 64 , 43 ] 
[ 0.3636 , 64 , 48 ] 
[ 0.0072 , 64 , 48 ] 
[ 0.1648 , 48 , 62 ] 
[ 0.0098 , 48 , 0 ] 
[ 0.3636 , 64 , 43 ] 
[ 0.0072 , 64 , 43 ] 
[ 0.1648 , 43 , 65 ] 
[ 0.0098 , 43 , 0 ] 
[ 0.5455 , 67 , 48 ] 
[ 0.5455 , 67 , 43 ] 
[ 0.1818 , 72 , 48 ] 
[ 0.1818 , 48 , 72 ] 
[ 0.1818 , 48 , 72 ] 
[ 0.1818 , 67 , 52 ] 
[ 0.1818 , 52 , 67 ] 
[ 0.1818 , 52 , 67 ] 
[ 0.1818 , 64 , 55 ] 
[ 0.1818 , 55 , 64 ] 
[ 0.1818 , 55 , 64 ] 
[ 0.1818 , 60 , 52 ] 
[ 0.1818 , 52 , 60 ] 
[ 0.1818 , 52 , 60 ] 
[ 0.3636 , 67 , 48 ] 
[ 0.0072 , 67 , 48 ] 
[ 0.1648 , 48 , 65 ] 
[ 0.0098 , 48 , 0 ] 
[ 0.3636 , 64 , 43 ] 
[ 0.0072 , 64 , 43 ] 
[ 0.1648 , 43 , 62 ] 
[ 0.0098 , 43 , 0 ] 
[ 0.5455 , 60 , 48 ] 
[ 0.5455 , 60 , 43 ] 