[ 0.600, 64, 48, 0, 0] 
[ 0.012, 64, 48, 62, 55] 
[ 0.588, 62, 55, 0, 0] 
[ 0.012, 62, 55, 60, 52] 
[ 0.588, 60, 52, 0, 0] 
[ 0.012, 60, 52, 62, 55] 
[ 0.557, 62, 55, 0, 0] 
[ 0.031, 0, 0, 0, 0] 
[ 0.600, 64, 48, 0, 0] 
[ 0.012, 48, 64, 55, 0] 
[ 0.588, 64, 55, 0, 0] 
[ 0.012, 55, 64, 52, 0] 
[ 0.588, 64, 52, 0, 0] 
[ 0.012, 64, 52, 55, 0] 
[ 0.558, 64, 55, 0, 0] 
[ 0.031, 64, 0, 0, 0] 
[ 0.600, 62, 47, 0, 0] 
[ 0.012, 47, 62, 55, 0] 
[ 0.588, 62, 55, 0, 0] 
[ 0.012, 55, 62, 53, 0] 
[ 0.588, 62, 53, 0, 0] 
[ 0.012, 62, 53, 55, 0] 
[ 0.557, 62, 55, 0, 0] 
[ 0.031, 62, 0, 0, 0] 
[ 0.600, 64, 48, 0, 0] 
[ 0.012, 64, 48, 67, 55] 
[ 0.558, 67, 55, 0, 0] 
[ 0.031, 55, 0, 0, 0] 
[ 0.012, 55, 67, 52, 0] 
[ 0.588, 67, 52, 0, 0] 
[ 0.012, 67, 52, 55, 0] 
[ 0.558, 67, 55, 0, 0] 
[ 0.031, 67, 0, 0, 0] 
[ 0.600, 64, 48, 0, 0] 
[ 0.012, 64, 48, 62, 55] 
[ 0.588, 62, 55, 0, 0] 
[ 0.012, 62, 55, 60, 52] 
[ 0.588, 60, 52, 0, 0] 
[ 0.012, 60, 52, 62, 55] 
[ 0.557, 62, 55, 0, 0] 
[ 0.031, 0, 0, 0, 0] 
[ 0.600, 64, 48, 0, 0] 
[ 0.012, 48, 64, 55, 0] 
[ 0.588, 64, 55, 0, 0] 
[ 0.012, 55, 64, 52, 0] 
[ 0.588, 64, 52, 0, 0] 
[ 0.012, 52, 64, 55, 0] 
[ 0.557, 64, 55, 0, 0] 
[ 0.031, 64, 0, 0, 0] 
[ 0.600, 62, 47, 0, 0] 
[ 0.012, 47, 62, 55, 0] 
[ 0.588, 62, 55, 0, 0] 
[ 0.012, 55, 64, 53, 0] 
[ 0.588, 64, 53, 0, 0] 
[ 0.012, 64, 53, 62, 55] 
[ 0.558, 62, 55, 0, 0] 
[ 0.031, 0, 0, 0, 0] 
[ 0.600, 60, 48, 0, 0] 
[ 0.012, 60, 48, 55, 0] 
[ 0.588, 60, 55, 0, 0] 
[ 0.012, 60, 55, 48, 0] 
[ 1.128, 60, 48, 0, 0] 
[ 0.061, 60, 0, 0, 0] 