[ 0.353, 55, 0, 0] 
[ 0.353, 55, 64, 0] 
[ 0.353, 55, 62, 0] 
[ 0.353, 55, 60, 0] 
[ 1.059, 55, 0, 0] 
[ 0.353, 55, 0, 0] 
[ 0.353, 55, 0, 0] 
[ 0.353, 55, 64, 0] 
[ 0.353, 55, 62, 0] 
[ 0.353, 55, 60, 0] 
[ 1.059, 57, 0, 0] 
[ 0.353, 57, 0, 0] 
[ 0.353, 57, 0, 0] 
[ 0.353, 57, 65, 0] 
[ 0.353, 57, 64, 0] 
[ 0.353, 57, 62, 0] 
[ 1.412, 59, 0, 0] 
[ 0.353, 67, 59, 0] 
[ 0.353, 59, 67, 0] 
[ 0.353, 59, 65, 0] 
[ 0.353, 59, 62, 0] 
[ 1.059, 64, 60, 0] 
[ 0.353, 55, 0, 0] 
[ 0.353, 55, 0, 0] 
[ 0.353, 55, 64, 0] 
[ 0.353, 55, 62, 0] 
[ 0.353, 55, 60, 0] 
[ 1.059, 55, 0, 0] 
[ 0.353, 55, 0, 0] 
[ 0.353, 55, 0, 0] 
[ 0.353, 55, 64, 0] 
[ 0.353, 55, 62, 0] 
[ 0.353, 55, 60, 0] 
[ 1.059, 57, 0, 0] 
[ 0.353, 57, 0, 0] 
[ 0.353, 57, 0, 0] 
[ 0.353, 57, 65, 0] 
[ 0.353, 57, 64, 0] 
[ 0.353, 57, 62, 0] 
[ 0.353, 67, 59, 0] 
[ 0.353, 59, 67, 0] 
[ 0.353, 59, 67, 0] 
[ 0.353, 59, 67, 0] 
[ 0.353, 69, 59, 0] 
[ 0.353, 59, 67, 0] 
[ 0.353, 59, 65, 0] 
[ 0.353, 59, 62, 0] 
[ 0.706, 60, 0, 0] 
[ 0.706, 67, 0, 0] 
[ 0.353, 64, 60, 0] 
[ 0.353, 60, 64, 0] 
[ 0.706, 64, 55, 0] 
[ 0.353, 64, 60, 0] 
[ 0.353, 60, 64, 0] 
[ 0.706, 64, 55, 0] 
[ 0.353, 64, 60, 0] 
[ 0.353, 60, 67, 0] 
[ 0.353, 60, 55, 0] 
[ 0.353, 55, 62, 0] 
[ 0.706, 64, 60, 0] 
[ 0.706, 64, 55, 0] 
[ 0.353, 65, 59, 0] 
[ 0.353, 59, 65, 0] 
[ 0.353, 65, 55, 0] 
[ 0.353, 55, 65, 0] 
[ 0.353, 65, 60, 0] 
[ 0.007, 65, 60, 64] 
[ 0.328, 60, 64, 0] 
[ 0.018, 60, 0, 0] 
[ 0.353, 64, 55, 0] 
[ 0.353, 55, 64, 0] 
[ 0.353, 64, 54, 0] 
[ 0.007, 64, 54, 62] 
[ 0.328, 54, 62, 0] 
[ 0.018, 54, 0, 0] 
[ 0.353, 54, 62, 0] 
[ 0.353, 54, 64, 0] 
[ 0.706, 62, 55, 0] 
[ 0.706, 55, 67, 0] 
[ 0.353, 64, 60, 0] 
[ 0.353, 60, 64, 0] 
[ 0.706, 64, 55, 0] 
[ 0.353, 64, 60, 0] 
[ 0.353, 60, 64, 0] 
[ 0.706, 64, 55, 0] 
[ 0.353, 64, 60, 0] 
[ 0.353, 60, 67, 0] 
[ 0.353, 60, 55, 0] 
[ 0.353, 55, 62, 0] 
[ 0.706, 64, 60, 0] 
[ 0.706, 64, 55, 0] 
[ 0.353, 65, 59, 0] 
[ 0.353, 59, 65, 0] 
[ 0.353, 65, 55, 0] 
[ 0.353, 55, 65, 0] 
[ 0.353, 65, 60, 0] 
[ 0.007, 65, 60, 64] 
[ 0.328, 60, 64, 0] 
[ 0.018, 60, 0, 0] 
[ 0.353, 64, 55, 0] 
[ 0.353, 55, 64, 0] 
[ 0.353, 67, 55, 0] 
[ 0.353, 67, 55, 0] 
[ 0.353, 65, 57, 0] 
[ 0.007, 65, 62, 59] 
[ 0.328, 62, 59, 0] 
[ 0.018, 59, 0, 0] 
[ 1.059, 60, 60, 0] 