[ 0.600, 72, 57, 0, 0] 
[ 0.600, 72, 57, 64, 0] 
[ 0.600, 57, 64, 74, 0] 
[ 0.600, 76, 57, 0, 0] 
[ 0.300, 76, 57, 64, 0] 
[ 0.300, 57, 64, 77, 0] 
[ 0.600, 57, 64, 76, 0] 
[ 0.600, 74, 55, 0, 0] 
[ 0.600, 74, 55, 62, 0] 
[ 0.600, 55, 62, 71, 0] 
[ 0.600, 67, 55, 0, 0] 
[ 0.300, 67, 55, 62, 0] 
[ 0.300, 55, 62, 69, 0] 
[ 0.600, 55, 62, 71, 0] 
[ 0.600, 72, 53, 0, 0] 
[ 0.600, 72, 53, 60, 0] 
[ 0.600, 53, 60, 69, 0] 
[ 0.600, 69, 53, 0, 0] 
[ 0.300, 69, 53, 60, 0] 
[ 0.300, 53, 60, 68, 0] 
[ 0.600, 53, 60, 69, 0] 
[ 0.600, 71, 52, 0, 0] 
[ 0.600, 71, 52, 59, 0] 
[ 0.600, 52, 59, 68, 0] 
[ 0.600, 64, 52, 0, 0] 
[ 0.502, 64, 52, 59, 0] 
[ 0.098, 52, 59, 0, 0] 
[ 0.600, 52, 59, 69, 0] 
[ 0.600, 72, 57, 0, 0] 
[ 0.600, 72, 57, 64, 0] 
[ 0.600, 57, 64, 74, 0] 
[ 0.600, 76, 57, 0, 0] 
[ 0.300, 76, 57, 64, 0] 
[ 0.300, 57, 64, 77, 0] 
[ 0.600, 57, 64, 76, 0] 
[ 0.600, 74, 55, 0, 0] 
[ 0.600, 74, 55, 62, 0] 
[ 0.600, 55, 62, 71, 0] 
[ 0.600, 67, 55, 0, 0] 
[ 0.300, 67, 55, 62, 0] 
[ 0.300, 55, 62, 69, 0] 
[ 0.600, 55, 62, 71, 0] 
[ 0.600, 72, 53, 0, 0] 
[ 0.300, 72, 53, 60, 0] 
[ 0.300, 53, 60, 71, 0] 
[ 0.600, 53, 60, 69, 0] 
[ 0.600, 68, 52, 0, 0] 
[ 0.300, 68, 52, 59, 0] 
[ 0.300, 52, 59, 66, 0] 
[ 0.600, 52, 59, 68, 0] 
[ 0.600, 69, 57, 0, 0] 
[ 0.600, 69, 60, 0, 0] 
[ 0.600, 69, 64, 0, 0] 
[ 1.702, 69, 57, 60, 64] 
[ 0.098, 57, 60, 64, 0] 
[ 1.800, 79, 48, 52, 0] 
[ 0.900, 79, 48, 52, 0] 
[ 0.300, 48, 52, 77, 0] 
[ 0.600, 48, 52, 76, 0] 
[ 1.200, 74, 55, 0, 0] 
[ 0.600, 55, 71, 0, 0] 
[ 0.900, 67, 55, 0, 0] 
[ 0.300, 55, 69, 0, 0] 
[ 0.600, 55, 71, 0, 0] 
[ 1.200, 72, 57, 0, 0] 
[ 0.600, 57, 69, 0, 0] 
[ 0.900, 69, 57, 0, 0] 
[ 0.300, 57, 68, 0, 0] 
[ 0.600, 57, 69, 0, 0] 
[ 1.200, 71, 52, 56, 0] 
[ 0.600, 52, 56, 68, 0] 
[ 1.702, 64, 52, 56, 0] 
[ 0.098, 52, 56, 0, 0] 
[ 1.800, 79, 48, 52, 0] 
[ 0.900, 79, 48, 52, 0] 
[ 0.300, 48, 52, 77, 0] 
[ 0.600, 48, 52, 76, 0] 
[ 1.200, 74, 55, 0, 0] 
[ 0.600, 55, 71, 0, 0] 
[ 0.900, 67, 55, 0, 0] 
[ 0.300, 55, 69, 0, 0] 
[ 0.600, 55, 71, 0, 0] 
[ 0.600, 72, 53, 0, 0] 
[ 0.300, 72, 53, 60, 0] 
[ 0.300, 53, 60, 71, 0] 
[ 0.600, 53, 60, 69, 0] 
[ 0.600, 68, 52, 0, 0] 
[ 0.300, 68, 52, 59, 0] 
[ 0.300, 52, 59, 66, 0] 
[ 0.600, 52, 59, 68, 0] 
[ 0.600, 69, 57, 0, 0] 
[ 0.600, 69, 60, 0, 0] 
[ 0.600, 69, 64, 0, 0] 
[ 1.702, 69, 57, 60, 64] 
[ 0.098, 57, 60, 64, 0]