[ 0.857 64 0] 
[ 0.017 64 65] 
[ 0.840 65 0] 
[ 0.017 65 67] 
[ 0.840 67 0] 
[ 0.857 67 0] 
[ 0.017 67 65] 
[ 0.840 65 0] 
[ 0.017 65 64] 
[ 0.840 64 0] 
[ 0.017 64 62] 
[ 0.840 62 0] 
[ 0.017 62 60] 
[ 0.840 60 0] 
[ 0.857 60 0] 
[ 0.017 60 62] 
[ 0.840 62 0] 
[ 0.017 62 64] 
[ 0.840 64 0] 
[ 1.286 64 0] 
[ 0.023 64 62] 
[ 0.405 62 0] 
[ 1.627 62 0] 
[ 0.087 0 0] 
[ 0.857 64 0] 
[ 0.857 64 0] 
[ 0.017 64 65] 
[ 0.840 65 0] 
[ 0.017 65 67] 
[ 0.840 67 0] 
[ 0.857 67 0] 
[ 0.017 67 65] 
[ 0.840 65 0] 
[ 0.017 65 64] 
[ 0.840 64 0] 
[ 0.017 64 62] 
[ 0.840 62 0] 
[ 0.017 62 60] 
[ 0.840 60 0] 
[ 0.857 60 0] 
[ 0.017 60 62] 
[ 0.840 62 0] 
[ 0.017 62 64] 
[ 0.840 64 0] 
[ 0.017 64 62] 
[ 1.269 62 0] 
[ 0.023 62 60] 
[ 0.405 60 0] 
[ 1.627 60 0] 
[ 0.087 0 0] 
[ 1.714 62 0] 
[ 0.033 62 64] 
[ 0.824 64 0] 
[ 0.017 64 60] 
[ 0.840 60 0] 
[ 0.017 60 62] 
[ 0.840 62 0] 
[ 0.017 62 64] 
[ 0.412 64 0] 
[ 0.007 64 65] 
[ 0.422 65 0] 
[ 0.007 65 64] 
[ 0.850 64 0] 
[ 0.017 64 60] 
[ 0.840 60 0] 
[ 0.017 60 62] 
[ 0.840 62 0] 
[ 0.017 62 64] 
[ 0.412 64 0] 
[ 0.007 64 65] 
[ 0.422 65 0] 
[ 0.007 65 64] 
[ 0.850 64 0] 
[ 0.017 64 62] 
[ 0.840 62 0] 
[ 0.017 62 60] 
[ 0.840 60 0] 
[ 0.017 60 62] 
[ 0.840 62 0] 
[ 0.017 62 67] 
[ 1.610 67 0] 
[ 0.087 0 0] 
[ 0.857 64 0] 
[ 0.857 64 0] 
[ 0.017 64 65] 
[ 0.840 65 0] 
[ 0.017 65 67] 
[ 0.840 67 0] 
[ 0.857 67 0] 
[ 0.017 67 65] 
[ 0.840 65 0] 
[ 0.017 65 64] 
[ 0.840 64 0] 
[ 0.017 64 62] 
[ 0.840 62 0] 
[ 0.017 62 60] 
[ 0.840 60 0] 
[ 0.857 60 0] 
[ 0.017 60 62] 
[ 0.840 62 0] 
[ 0.017 62 64] 
[ 0.840 64 0] 
[ 0.017 64 62] 
[ 1.269 62 0] 
[ 0.023 62 60] 
[ 0.405 60 0] 
[ 1.627 60 0]