[ 0.857 60 64 48 55 0] 
[ 0.017 60 48 55 64 0] 
[ 0.840 48 55 64 0 0] 
[ 0.017 48 55 64 65 0] 
[ 0.840 48 55 65 0 0] 
[ 0.017 48 55 65 67 0] 
[ 0.840 48 55 67 0 0] 
[ 0.857 67 55 0 0 0] 
[ 0.017 67 55 65 0 0] 
[ 0.840 55 65 0 0 0] 
[ 0.017 65 64 55 0 0] 
[ 0.840 64 55 0 0 0] 
[ 0.017 64 55 62 0 0] 
[ 0.840 55 62 0 0 0] 
[ 0.017 62 60 48 52 55] 
[ 0.840 60 48 52 55 0] 
[ 0.857 48 52 55 60 0] 
[ 0.017 48 52 55 60 62] 
[ 0.840 48 52 55 62 0] 
[ 0.017 48 52 55 62 64] 
[ 0.840 48 52 55 64 0] 
[ 1.286 64 55 0 0 0] 
[ 0.023 64 55 62 0 0] 
[ 0.405 55 62 0 0 0] 
[ 1.628 59 62 55 0 0] 
[ 0.087 55 0 0 0 0] 
[ 0.857 60 64 48 55 0] 
[ 0.017 60 48 55 64 0] 
[ 0.840 48 55 64 0 0] 
[ 0.017 48 55 64 65 0] 
[ 0.840 48 55 65 0 0] 
[ 0.017 48 55 65 67 0] 
[ 0.840 48 55 67 0 0] 
[ 0.857 67 55 0 0 0] 
[ 0.017 67 55 65 0 0] 
[ 0.840 55 65 0 0 0] 
[ 0.017 65 64 55 0 0] 
[ 0.840 64 55 0 0 0] 
[ 0.017 64 55 62 0 0] 
[ 0.840 55 62 0 0 0] 
[ 0.017 62 60 48 52 55] 
[ 0.840 60 48 52 55 0] 
[ 0.857 48 52 55 60 0] 
[ 0.017 48 52 55 60 62] 
[ 0.840 48 52 55 62 0] 
[ 0.017 48 52 55 62 64] 
[ 0.840 48 52 55 64 0] 
[ 0.017 64 62 55 0 0] 
[ 1.269 62 55 0 0 0] 
[ 0.023 62 55 60 0 0] 
[ 0.405 55 60 0 0 0] 
[ 1.628 60 48 0 0 0] 
[ 0.087 48 0 0 0 0] 
[ 0.857 62 55 0 0 0] 
[ 0.857 55 62 0 0 0] 
[ 0.017 55 62 64 0 0] 
[ 0.840 55 64 0 0 0] 
[ 0.017 55 64 60 0 0] 
[ 0.840 55 60 0 0 0] 
[ 0.017 60 62 55 0 0] 
[ 0.840 62 55 0 0 0] 
[ 0.017 62 55 64 0 0] 
[ 0.412 55 64 0 0 0] 
[ 0.007 55 64 65 0 0] 
[ 0.421 55 65 0 0 0] 
[ 0.007 65 64 55 0 0] 
[ 0.850 64 55 0 0 0] 
[ 0.017 64 55 60 0 0] 
[ 0.840 55 60 0 0 0] 
[ 0.017 60 62 55 0 0] 
[ 0.840 62 55 0 0 0] 
[ 0.017 62 55 64 0 0] 
[ 0.412 55 64 0 0 0] 
[ 0.007 55 64 65 0 0] 
[ 0.421 55 65 0 0 0] 
[ 0.007 65 64 56 0 0] 
[ 0.850 64 56 0 0 0] 
[ 0.017 64 56 62 0 0] 
[ 0.840 56 62 0 0 0] 
[ 0.017 62 60 57 0 0] 
[ 0.840 60 57 0 0 0] 
[ 0.017 60 62 54 0 0] 
[ 0.796 62 54 0 0 0] 
[ 0.044 54 0 0 0 0] 
[ 0.857 55 0 0 0 0] 
[ 0.857 55 64 0 0 0] 
[ 0.857 64 60 0 0 0] 
[ 0.857 60 64 0 0 0] 
[ 0.017 64 65 58 0 0] 
[ 0.840 65 58 0 0 0] 
[ 0.017 65 58 67 0 0] 
[ 0.840 58 67 0 0 0] 
[ 0.857 67 57 0 0 0] 
[ 0.017 67 57 65 0 0] 
[ 0.840 57 65 0 0 0] 
[ 0.017 65 64 53 0 0] 
[ 0.840 64 53 0 0 0] 
[ 0.017 64 53 62 0 0] 
[ 0.840 53 62 0 0 0] 
[ 0.017 62 60 52 0 0] 
[ 0.840 60 52 0 0 0] 
[ 0.857 60 52 0 0 0] 
[ 0.017 60 62 55 0 0] 
[ 0.840 62 55 0 0 0] 
[ 0.017 62 64 60 0 0] 
[ 0.840 64 60 0 0 0] 
[ 0.017 64 62 55 0 0] 
[ 1.269 62 55 0 0 0] 
[ 0.023 62 55 60 0 0] 
[ 0.405 55 60 0 0 0] 
[ 1.628 60 48 52 55 0] 
[ 0.087 48 52 55 0 0]